1	,0 ,4  ,1	,8.7	,8.8
2	,0 ,4  ,2	,8.81	,9.7
3	,0 ,4  ,3	,9.71	,10.5
4	,0 ,4  ,4	,10.51	,13.2
5	,0 ,4  ,5	,13.21	,16.01
6	,0 ,5  ,1	,8.3	,8.5
7	,0 ,5  ,2	,8.51	,9.4
8	,0 ,5  ,3	,9.41	,10.2
9	,0 ,5  ,4	,10.21	,13.2
10	,0 ,5  ,5	,13.21	,15.56
11	,0 ,6  ,1	,7.77	,8.1
12	,0 ,6  ,2	,8.11	,9.1
13	,0 ,6  ,3	,9.11	,10
14	,0 ,6  ,4	,10.01	,12.5
15	,0 ,6  ,5	,12.51	,15.51
16	,1 ,4  ,1	,9.3	,9.4
17	,1 ,4  ,2	,9.41	,10.4
18	,1 ,4  ,3	,10.41	,11
19	,1 ,4  ,4	,11.01	,13.3
20	,1 ,4  ,5	,13.31	,18.42
21	,1 ,5  ,1	,8.73	,8.9
22	,1 ,5  ,2	,8.91	,9.8
23	,1 ,5  ,3	,9.81	,10.7
24	,1 ,5  ,4	,10.71	,13
25	,1 ,5  ,5	,13.01	,15.91
26	,1 ,6  ,1	,8.66	,8.9
27	,1 ,6  ,2	,8.91	,9.8
28	,1 ,6  ,3	,9.81	,10.7
29	,1 ,6  ,4	,10.71	,12.9
30	,1 ,6  ,5	,12.91	,15
31	,0 ,7  ,1	,7.4	,7.5
32	,0 ,7  ,2	,7.51	,8.4
33	,0 ,7  ,3	,8.41	,9.3
34	,0 ,7  ,4	,9.31	,11.5
35	,0 ,7  ,5	,11.51	,12.51
36	,0 ,8  ,1	,7.11	,7.3
37	,0 ,8  ,2	,7.31	,8.2
38	,0 ,8  ,3	,8.21	,9
39	,0 ,8  ,4	,9.01	,11.5
40	,0 ,8  ,5	,11.51	,12.41
41	,0 ,9  ,1	,6.8	,7
42	,0 ,9  ,2	,7.01	,7.8
43	,0 ,9  ,3	,7.81	,8.5
44	,0 ,9  ,4	,8.51	,11
45	,0 ,9  ,5	,11.01	,12.38
46	,1 ,7  ,1	,8.6	,8.8
47	,1 ,7  ,2	,8.81	,9.8
48	,1 ,7  ,3	,9.81	,10.5
49	,1 ,7  ,4	,10.51	,12.2
50	,1 ,7  ,5	,12.21	,13.51
51	,1 ,8  ,1	,8.6	,8.8
52	,1 ,8  ,2	,8.81	,9.8
53	,1 ,8  ,3	,9.81	,10.5
54	,1 ,8  ,4	,10.51	,12.20
55	,1 ,8  ,5	,12.21	,13.51
56	,1 ,9  ,1	,8.6	,8.8
57	,1 ,9  ,2	,8.81	,9.8
58	,1 ,9  ,3	,9.81	,10.5
59	,1 ,9  ,4	,10.51	,12.20
60	,1 ,9  ,5	,12.21	,13.51
61	,0 ,10  ,1	,6.8	,7
62	,0 ,10  ,2	,7.01	,7.6
63	,0 ,10  ,3	,7.61	,8.1
64	,0 ,10  ,4	,8.11	,10
65	,0 ,10  ,5	,10.01	,10.74
66	,0 ,11  ,1	,6.5	,6.7
67	,0 ,11  ,2	,6.71	,7.5
68	,0 ,11  ,3	,7.51	,7.9
69	,0 ,11  ,4	,7.91	,9.5
70	,0 ,11  ,5	,9.51	,9.71
71	,0 ,12  ,1	,6.4	,6.7
72	,0 ,12  ,2	,6.71	,7.5
73	,0 ,12  ,3	,7.51	,7.9
74	,0 ,12  ,4	,7.91	,8.7
75	,0 ,12  ,5	,8.71	,9.61
76	,1 ,10  ,1	,8.6	,8.8
77	,1 ,10  ,2	,8.81	,9.8
78	,1 ,10  ,3	,9.81	,10.5
79	,1 ,10  ,4	,10.51	,12.20
80	,1 ,10  ,5	,12.21	,13.51
81	,1 ,11  ,1	,8.6	,8.8
82	,1 ,11  ,2	,8.81	,9.8
83	,1 ,11  ,3	,9.81	,10.5
84	,1 ,11  ,4	,10.51	,12.20
85	,1 ,11  ,5	,12.21	,13.51
86	,1 ,12  ,1	,8.6	,8.8
87	,1 ,12  ,2	,8.81	,9.8
88	,1 ,12  ,3	,9.81	,10.5
89	,1 ,12  ,4	,10.51	,12.20
90	,1 ,12  ,5	,12.21	,13.51